N_x =

     4


A_value =

    0.6578


B_value =

    0.6602


C_value =

    0.6634
	
	
	
	
	N_x =

     8


A_value =

    0.6704


B_value =

    0.6714


C_value =

    0.6726