N_x =

     4


A_value =

    0.6248


B_value =

    0.6248


C_value =

    0.6247
	
	
	N_x =

     8


A_value =

    0.6562


B_value =

    0.6562


C_value =

    0.6561
	
	
	N_x =

    16


A_value =

    0.6640


B_value =

    0.6640


C_value =

    0.6640